% -------------------------------------------------------------------
%  Generated by MATLAB on 26-Jul-2017 00:48:29
%  MATLAB version: 8.4.0.150421 (R2014b)
% -------------------------------------------------------------------
                                          

BV = [17.51 18.07 19 20 21];

C = [1.1 1.2 1 1.25 1.1];

C3 = [1.08 1 1.18 1.2 1.259 1.27 1.285];

F = [7.4 7.5 7.5 7.6 7.2];

F3 = [6.3 6.35 6.36 6.34 6.33 6.29 6.27];

F4 = [18 18 22 20 19 18 15 14 17 20 17 15 11 6 3 3 3 10 12 15 17 18 20 ...
      21 22 23 24 25 27 32 34 36 38 43 44 38 42 42 41 42 43 43 44 45 46 ...
      59 60 72 127];

I4 = [1 1.1 1.09 1.1 1.15 1.1 1.14 1.14 1.16 1.17 1.2 1.1 1.1 1.1 1.13 ...
      1.09 1.07 1.06 1.06 1.06 1.06 1.06 1.06 1.06 1.06 1.06 1.06 1.06 ...
      1.06 1.05 1.04 1.03 1.03 1.03 1.04 1.003 1.003 0.997 0.997 0.997 ...
      0.98 0.98 0.98 0.98 0.98 1.02 1.03 1.08 1.18];

Ip4 = [92 93 94 95 96 97 98 99 100 101 102 103 104 105 106 107 108 109 ...
       110 111 112 113 114 115 116 117 118 119 120 121 129 130 131 132 ...
       133 134 135 138 139 140 142 145 147 148 149 150 155 160 165];

T3 = [185 200 210 210 215 215 229];

